%YAML:1.0
---
image_width: 256
image_height: 192
K: !!opencv-matrix
   rows: 3
   cols: 3
   dt: d
   data: [ 295.83607721422845, 0., 128.5815783977763, 0.,
       315.03466120890806, 94.490830832665736, 0., 0., 1. ]
dist: !!opencv-matrix
   rows: 1
   cols: 5
   dt: d
   data: [ -0.39084961146305869, 0.20341878246576031,
       -0.00086911057230782925, -0.0039840058694880281,
       -1.211713405492773 ]
global_rms_reprojection_error: 0.30386551807541368
per_view_rms: !!opencv-matrix
   rows: 26
   cols: 1
   dt: f
   data: [ 0.207948446, 0.253570437, 0.333390206, 0.389626652,
       0.546440005, 0.264278948, 0.27851066, 0.422730714, 0.400113285,
       0.425018549, 0.286188573, 0.308626115, 0.346993744, 0.170125514,
       0.194159657, 0.251628667, 0.27124694, 0.323350728, 0.190080956,
       0.22158134, 0.31128794, 0.183028832, 0.192219615, 0.247946784,
       0.252661437, 0.28497684 ]
num_images_used: 26
